{
  "assets": [
    "Bitcoin",
    "Ethereum",
    "Solana",
    "S&P 500",
    "NASDAQ",
    "Russell 2000",
    "Real Estate",
    "Gold",
    "Silver",
    "WTI Oil"
  ],
  "categories": {
    "Bitcoin": "crypto",
    "Ethereum": "crypto",
    "Solana": "crypto",
    "S&P 500": "stocks",
    "NASDAQ": "stocks",
    "Russell 2000": "stocks",
    "Real Estate": "stocks",
    "Gold": "commodities",
    "Silver": "commodities",
    "WTI Oil": "commodities"
  },
  "matrix": [
    [
      1,
      0.7397,
      0.4216,
      0.5532,
      0.5633,
      0.5447,
      -0.0202,
      0.1617,
      0.2515,
      -0.0926
    ],
    [
      0.7397,
      1,
      0.4949,
      0.5992,
      0.6502,
      0.5628,
      0.0851,
      0.1467,
      0.3087,
      -0.1259
    ],
    [
      0.4216,
      0.4949,
      1,
      0.2892,
      0.3363,
      0.36,
      0.1841,
      -0.0575,
      -0.0052,
      0.181
    ],
    [
      0.5532,
      0.5992,
      0.2892,
      1,
      0.9282,
      0.8035,
      -0.0506,
      0.2387,
      0.4043,
      -0.1265
    ],
    [
      0.5633,
      0.6502,
      0.3363,
      0.9282,
      1,
      0.7715,
      -0.078,
      0.2245,
      0.3838,
      -0.1871
    ],
    [
      0.5447,
      0.5628,
      0.36,
      0.8035,
      0.7715,
      1,
      -0.0525,
      0.0837,
      0.2931,
      -0.045
    ],
    [
      -0.0202,
      0.0851,
      0.1841,
      -0.0506,
      -0.078,
      -0.0525,
      1,
      -0.1873,
      -0.054,
      -0.0056
    ],
    [
      0.1617,
      0.1467,
      -0.0575,
      0.2387,
      0.2245,
      0.0837,
      -0.1873,
      1,
      0.6904,
      -0.1882
    ],
    [
      0.2515,
      0.3087,
      -0.0052,
      0.4043,
      0.3838,
      0.2931,
      -0.054,
      0.6904,
      1,
      -0.1338
    ],
    [
      -0.0926,
      -0.1259,
      0.181,
      -0.1265,
      -0.1871,
      -0.045,
      -0.0056,
      -0.1882,
      -0.1338,
      1
    ]
  ]
}